Name : Ruma Anand
Student ID : 3074142
Net ID : rac7481

Assumptions:

1)Valid Start State must exist.
2)Valid End State must exist.
3)Main file name - main_file.py

Trace :

initial_state = [[1,2],[3,4],[]]
end_state = [[],[],[1,2,3,4]]

========= RESTART: C:/Users/rumaa/Desktop/TowerOfHanoi/main_file.py =========
-----------------Start Best First Search----------------
[[1, 2], [3, 4], []]
[[1, 2], [4], [3]]
[[2], [4], [1, 3]]
[[2], [1, 4], [3]]
[[], [1, 4], [2, 3]]
[[], [4], [1, 2, 3]]
[[1], [4], [2, 3]]
[[1], [2, 4], [3]]
[[], [2, 4], [1, 3]]
[[], [1, 2, 4], [3]]
[[3], [1, 2, 4], []]
[[3], [2, 4], [1]]
[[1, 3], [2, 4], []]
[[1, 3], [4], [2]]
[[3], [4], [1, 2]]
[[3], [1, 4], [2]]
[[2, 3], [1, 4], []]
[[2, 3], [4], [1]]
[[1, 2, 3], [4], []]
[[1, 2, 3], [], [4]]
[[2, 3], [], [1, 4]]
[[2, 3], [1], [4]]
[[3], [1], [2, 4]]
[[3], [], [1, 2, 4]]
[[1, 3], [], [2, 4]]
[[1, 3], [2], [4]]
[[3], [2], [1, 4]]
[[3], [1, 2], [4]]
[[], [1, 2], [3, 4]]
[[], [2], [1, 3, 4]]
[[1], [2], [3, 4]]
[[1], [], [2, 3, 4]]
[[], [], [1, 2, 3, 4]]
End State reached
Total number of moves using best first search:  33
-----------------End Best First Search----------------
***************************************************
-----------------Start Depth First Search----------------
[[2], [1, 3, 4], []]
[[], [1, 3, 4], [2]]
[[1], [3, 4], [2]]
[[], [1, 3, 4], [2]]
[[], [3, 4], [1, 2]]
[[3], [4], [1, 2]]
[[], [3, 4], [1, 2]]
[[1, 3], [4], [2]]
[[3], [1, 4], [2]]
[[1, 3], [4], [2]]
[[3], [4], [1, 2]]
[[2, 3], [1, 4], []]
[[3], [1, 4], [2]]
[[1, 2, 3], [4], []]
[[2, 3], [1, 4], []]
[[2, 3], [4], [1]]
[[3], [2, 4], [1]]
[[2, 3], [4], [1]]
[[1, 3], [2, 4], []]
[[3], [1, 2, 4], []]
[[], [1, 2, 4], [3]]
[[1], [2, 4], [3]]
[[], [1, 2, 4], [3]]
[[], [2, 4], [1, 3]]
[[2], [4], [1, 3]]
[[], [2, 4], [1, 3]]
[[1, 2], [4], [3]]
[[2], [1, 4], [3]]
[[], [1, 4], [2, 3]]
[[1], [4], [2, 3]]
[[], [1, 4], [2, 3]]
[[], [4], [1, 2, 3]]
[[4], [], [1, 2, 3]]
[[], [4], [1, 2, 3]]
[[1, 4], [], [2, 3]]
[[4], [1], [2, 3]]
[[1, 4], [], [2, 3]]
[[4], [], [1, 2, 3]]
[[2, 4], [1], [3]]
[[4], [1], [2, 3]]
[[1, 2, 4], [], [3]]
[[2, 4], [1], [3]]
[[2, 4], [], [1, 3]]
[[4], [2], [1, 3]]
[[2, 4], [], [1, 3]]
[[1, 4], [2], [3]]
[[4], [1, 2], [3]]
[[1, 4], [2], [3]]
[[4], [2], [1, 3]]
[[3, 4], [1, 2], []]
[[4], [1, 2], [3]]
[[1, 3, 4], [2], []]
[[3, 4], [1, 2], []]
[[3, 4], [2], [1]]
[[2, 3, 4], [], [1]]
[[3, 4], [2], [1]]
[[1, 2, 3, 4], [], []]
[[2, 3, 4], [1], []]
[[3, 4], [1], [2]]
[[1, 3, 4], [], [2]]
[[3, 4], [1], [2]]
[[3, 4], [], [1, 2]]
[[4], [3], [1, 2]]
[[3, 4], [], [1, 2]]
[[1, 4], [3], [2]]
[[4], [1, 3], [2]]
[[1, 4], [3], [2]]
[[4], [3], [1, 2]]
[[2, 4], [1, 3], []]
[[4], [1, 3], [2]]
[[1, 2, 4], [3], []]
[[2, 4], [1, 3], []]
[[2, 4], [3], [1]]
[[4], [2, 3], [1]]
[[2, 4], [3], [1]]
[[1, 4], [2, 3], []]
[[4], [1, 2, 3], []]
[[], [1, 2, 3], [4]]
[[1], [2, 3], [4]]
[[], [1, 2, 3], [4]]
[[], [2, 3], [1, 4]]
[[2], [3], [1, 4]]
[[], [2, 3], [1, 4]]
[[1, 2], [3], [4]]
[[2], [1, 3], [4]]
[[], [1, 3], [2, 4]]
[[1], [3], [2, 4]]
[[], [1, 3], [2, 4]]
[[], [3], [1, 2, 4]]
[[3], [], [1, 2, 4]]
[[], [3], [1, 2, 4]]
[[1, 3], [], [2, 4]]
[[3], [1], [2, 4]]
[[1, 3], [], [2, 4]]
[[3], [], [1, 2, 4]]
[[2, 3], [1], [4]]
[[3], [1], [2, 4]]
[[1, 2, 3], [], [4]]
[[2, 3], [1], [4]]
[[2, 3], [], [1, 4]]
[[3], [2], [1, 4]]
[[2, 3], [], [1, 4]]
[[1, 3], [2], [4]]
[[3], [1, 2], [4]]
[[], [1, 2], [3, 4]]
[[1], [2], [3, 4]]
[[], [1, 2], [3, 4]]
[[], [2], [1, 3, 4]]
[[2], [], [1, 3, 4]]
[[], [2], [1, 3, 4]]
[[1, 2], [], [3, 4]]
[[2], [1], [3, 4]]
[[], [1], [2, 3, 4]]
[[1], [], [2, 3, 4]]
[[], [1], [2, 3, 4]]
[[], [], [1, 2, 3, 4]]
Total number of moves using Depth first search :  116
End State reached
-----------------End Depth First Search----------------
***************************************************
-----------------Start Breadth First Search----------------
[[1, 2], [3, 4], []]
[[1, 2], [3, 4], []]
[[1, 2], [4], [3]]
[[2], [3, 4], [1]]
[[2], [1, 3, 4], []]
[[2], [4], [1, 3]]
[[2], [1, 4], [3]]
[[], [2, 3, 4], [1]]
[[], [1, 3, 4], [2]]
[[], [2, 4], [1, 3]]
[[], [1, 4], [2, 3]]
[[], [1, 2, 3, 4], []]
[[1], [2, 3, 4], []]
[[], [3, 4], [1, 2]]
[[1], [3, 4], [2]]
[[], [1, 2, 4], [3]]
[[1], [2, 4], [3]]
[[], [4], [1, 2, 3]]
[[1], [4], [2, 3]]
[[3], [4], [1, 2]]
[[3], [1, 2, 4], []]
[[4], [], [1, 2, 3]]
[[3], [1, 4], [2]]
[[1, 3], [4], [2]]
[[3], [2, 4], [1]]
[[1, 3], [2, 4], []]
[[4], [1], [2, 3]]
[[1, 4], [], [2, 3]]
[[2, 3], [1, 4], []]
[[2, 3], [4], [1]]
[[2, 4], [1], [3]]
[[1, 4], [2], [3]]
[[1, 2, 3], [4], []]
[[2, 4], [], [1, 3]]
[[1, 2, 4], [], [3]]
[[4], [2], [1, 3]]
[[4], [1, 2], [3]]
[[1, 2, 3], [], [4]]
[[1, 2, 4], [3], []]
[[3, 4], [1, 2], []]
[[2, 3], [], [1, 4]]
[[2, 3], [1], [4]]
[[2, 4], [3], [1]]
[[2, 4], [1, 3], []]
[[3, 4], [2], [1]]
[[1, 3, 4], [2], []]
[[3], [2], [1, 4]]
[[3], [1], [2, 4]]
[[4], [2, 3], [1]]
[[4], [1, 3], [2]]
[[2, 3, 4], [], [1]]
[[1, 3, 4], [], [2]]
[[3], [1, 2], [4]]
[[1, 3], [2], [4]]
[[3], [], [1, 2, 4]]
[[1, 3], [], [2, 4]]
[[4], [1, 2, 3], []]
[[1, 4], [2, 3], []]
[[4], [3], [1, 2]]
[[1, 4], [3], [2]]
[[2, 3, 4], [1], []]
[[1, 2, 3, 4], [], []]
[[3, 4], [], [1, 2]]
[[3, 4], [1], [2]]
[[], [1, 2], [3, 4]]
[[], [3], [1, 2, 4]]
[[], [1, 2, 3], [4]]
[[], [2], [1, 3, 4]]
[[1], [2], [3, 4]]
[[], [1, 3], [2, 4]]
[[1], [3], [2, 4]]
[[], [2, 3], [1, 4]]
[[1], [2, 3], [4]]
[[2], [], [1, 3, 4]]
[[1], [], [2, 3, 4]]
[[2], [1, 3], [4]]
[[2], [3], [1, 4]]
[[2], [1], [3, 4]]
[[1, 2], [], [3, 4]]
[[], [], [1, 2, 3, 4]]
End State reached
Total number of moves using Breadth first search:  80
